1158165700155981824
1158165696397885440
1158165691985551361
1158165689330491392
1158165688198062082
1158165671970320390
1158165664533811201
1158165645600710656
1158165635601457152
1158165622003556352
1158165619042373632
1158165616525795330
1158165595638173698
1158165594040098817
1158165589539663872
1158165587970973699
1158165579158736896
1158165567628599296
1158165554131361792
1158165514008563712
1158165512720998400
1158165504617525250
1158165490923114498
1158165487894839303
1158165458056556545
1158165445737897989
1158165426792226816
1158165413185896449
1158165405657161731
1158165370240458754
1158165366423674880
1158165362111852546
1158165360719384579
1158165356764192768
1158165346387484672
1158165345636618240
1158165336589557760
1158165321578160129
1158165316180074496
1158165312862334976
1158165292830404609
1158165278985019392
1158165276975869952
1158165271019958273
1158165256025333765
1158165240338624515
1158165238384140294
1158165234999353345
1158165228380729344
1158165214845657088
1158165196206219265
1158165179542253569
1158165173452062720
1158165153768247297
1158165153004892161
1158165136756097024
1158165131924267009
1158165114824138754
1158165111393148928
1158165109233131521
1158165097694552068
1158165089477910528
1158165076442058757
1158165064576380928
1158165046633144322
1158165041545449475
1158165041360887811
1158165038986944512
1158165029918793729
1158165025502171136
1158165022310326274
1158165020792041479
1158165004857667590
1158165003377238016
1158164982082789376
1158164966937174019
1158164953263681543
1158164944568954881
1158164933810561031
1158164931361067008
1158164916353818625
1158164913833095168
1158164912482504709
1158164904685314048
1158164889669648384
1158164867045646342
1158164866894573569
1158164859047108610
1158164853422460929
1158164847789596680
1158164838616633344
1158164828248260608
1158164825752707072
1158164822992797703
1158164809126424576
1158164808128241664
1158164766478745602
1158164753916792835
1158164737101828096
1158164724187652096
1158164707649478662
1158164703920697352
1158164691992141826
1158164685876867075
1158164671209381889
1158164664259420160
1158164662401359872
1158164644600713218
1158164610907856913
1158164588644511744
1158164587050688514
1158164585532338176
1158164585377083393
1158164583300907010
1158164552632213505
1158164544721739777
1158164536635088904
1158164530398212096
1158164526363291654
1158164521317543937
1158164519966916609
1158164497162539013
1158164485607219202
1158164471845724161
1158164457966702598
1158164450203045889
1158164434071773185
1158164421258223618
1158164410625593345
1158164404006993920
1158164396817952768
1158164388106387456
1158164360713449474
1158164350122778624
1158164341188911105
1158164341084045315
1158164330346684416
1158164312709586944
1158164311816245249
1158164310801244162
1158164307399495681
1158164275749433350
1158164271219560448
1158164263799857152
1158164261459386369
1158164261035794432
1158164260662448130
1158164254291365890
1158164242417274883
1158164223232499712
1158164219998683136
1158164215909273600
1158164213312999424
1158164210678992896
1158164210137931776
1158164207982039040
1158164176596086786
1158164172313649152
1158164172003250181
1158164171835551744
1158164161291051014
1158164160007626752
1158164159713832960
1158164144329240576
1158164142865440768
1158164139916824577
1158164091388776454
1158164084484968449
1158164074729000960
1158164070635380737
1158164062653603840
1158164060174786560
1158164054776655872
1158164044160933889
1158164040528666624
1158164031531814913
1158164015346003968
1158164014641438721
1158164010166050816
1158163995376914433
1158163994840117248
1158163968478851072
1158163923318841351
1158163916066869250
1158163902087274496
1158163898136170502
1158163897154772997
1158163888057327616
1158163887260340224
1158163839281750016
1158163838237368325
1158163837931204614
1158163829135740930
1158163823565725697
1158163787985367041
1158163769371037696
1158163761506725889
1158163758067437568
1158163735573422080
1158163730150170624
1158163705982570496
1158163704845930498
1158163690497224705
1158163680804200448
1158163658654081029
1158163629205872640
1158163625426739201
1158163621937127424
1158163618690736129
1158163603863851013
1158163585186631680
1158163573874601984
1158163568606502913
1158163562466029580
1158163526558658561
1158163519210184704
1158163508833476610
1158163496783220736
1158163488323375105
1158163485320237062
1158163463732125701
1158163456337547266
1158163453066055680
1158163429456326656
1158163427648507905
1158163426499276800
1158163414218399750
1158163410531606529
1158163404156223488
1158163396468051969
1158163395440447488
1158163395151060994
1158163386397528064
1158163377702801415
1158163376079552512
1158163352016883713
1158163349433192453
1158163288418598912
1158163261352796160
1158163259368845314
1158163258815197186
1158163258416816133
1158163244034461697
1158163240637095936
1158163224115781638
1158163219271290881
1158163215555186688
1158163208106127360
1158163187566559232
1158163181409329155
1158163172957806592
1158163172601290752
1158163166888636416
1158163158412005376
1158163134219202560
1158163113310662667
1158163103865036801
1158163093278601216
1158163086651666434
1158163079512940545
1158163044708601864
1158163041915158530
1158163035774705664
1158163034256412672
1158163033702772736
1158163031748153344
1158163024609468423
1158163020478144512
1158163011401584641
1158163004858490880
1158162991860396033
1158162991080181760
1158162986948866049
1158162981575888896
1158162970549137408
1158162967353069568
1158162948474449920
1158162937892282373
1158162930778673152
1158162928010498048
1158162922578829315
1158162921005944832
1158162914643255296
1158162913317838852
1158162905961029636
1158162882988785666
1158162878182154241
1158162874214338560
1158162828769005568
1158162828626399233
1158162828475469826
1158162823010275328
1158162815330541573
1158162795969556480
1158162790638661638
1158162776042430465
1158162775325196288
1158162774364741633
1158162773098082304
1158162763027570688
1158162757654654977
1158162752944443393
1158162746632024065
1158162745784786946
1158162736620216321
1158162734493646848
1158162720048451586
1158162717364150272
1158162712020623360
1158162687223836672
1158162683188977664
1158162679162425344
1158162677090443264
1158162676058599425
1158162671906316294
1158162646442680321
1158162624498065408
1158162616520466433
1158162615442583555
1158162586405343232
1158162581867114496
1158162576934617088
1158162576603324418
1158162576062197760
1158162569246519296
1158162548593700864
1158162543698960391
1158162529887145984
1158162512812154886
1158162488430665728
1158162468696408070
1158162458957221889
1158162458806292482
1158162438015135749
1158162437516009473
1158162435624308736
1158162431543271427
1158162428569497603
1158162425331499008
1158162398836068359
1158162372776931328
1158162352933658624
1158162348974190592
1158162336361979904
1158162323628077056
1158162319991615488
1158162317135274000
1158162313469411328
1158162310785114114
1158162298936053760
1158162291348713473
1158162283903750145
1158162272323342336
1158162265092382721
1158162233383432193
1158162206539898881
1158162167432208385
1158162142631288832
1158162123706503173
1158162120929923072
1158162099014709252
1158162094971396096
1158162076948488194
1158162074943610880
1158162045981904898
1158162045788991489
1158162041460416512
1158162024830001152
1158162017158672384
1158162014998540297
1158161998598823943
1158161996623339522
1158161977014988800
1158161966004953088
1158161965279318016
1158161957691768833
1158161948858572808
1158161941090701312
1158161921058770950
1158161914679169028
1158161914041634817
1158161888787816453
1158161865043849216
1158161856269377536
1158161855396950017
1158161833095770112
1158161812891865088
1158161809540571136
1158161799516176385
1158161797410643969
1158161773335371777
1158161759569666050
1158161747397763074
1158161742817636352
1158161710756376576
1158161691361894405
1158161691114389505
1158161690367803393
1158161639306354688
1158161638173941761
1158161634059325441
1158161600190263296
1158161572897984514
1158161556577902594
1158161553256013824
1158161548080295936
1158161542514388992
1158161535233155072
1158161524369895424
1158161522163453952
1158161506091114496
1158161505306730497
1158161499384360962
1158161494091210754
1158161493717921793
1158161493558530048
1158161488907034629
1158161486004572161
1158161477062266880
1158161456103378944
1158161451997155328
1158161440727060480
1158161440680939525
1158161417628979202
1158161412809789442
1158161412088352768
1158161410016387074
1158161408783265794
1158161401741029377
1158161378152243200
1158161377745342465
1158161375925088256
1158161375803428870
1158161373760827397
1158161365355421698
1158161323978440704
1158161320753192961
1158161311752232961
1158161310988849153
1158161302235361280
1158161294027120641
1158161293016293377
1158161284107579392
1158161282840899584
1158161276884934658
1158161260267147270
1158161235256496128
1158161209780310017
1158161209159561217
1158161187290435584
1158161184962596864
1158161178843058176
1158161176355856390
1158161173923147779
1158161171092070403
1158161157749972992
1158161157544390656
1158161153530454016
1158161142813986816
1158161141794824192
1158161140993667073
1158161140943335425
1158161136409350144
1158161135746596865
1158161125076324352
1158161105140797440
1158161103089786884
1158161103014289408
1158161100682256384
1158161098337660928
1158161086882942976
1158161065496240128
1158161054578483201
1158161034764574721
1158161029114863617
1158161028380798976
1158161025734270978
1158161013117771776
1158161008072024069
1158160995841380352
1158160990137200640
1158160974614016001
1158160970159710209
1158160959602667520
1158160959455842304
1158160956255588353
1158160937871974400
1158160935867027458
1158160934759804929
1158160928254365697
1158160925817475072
1158160923544215557
1158160917919674370
1158160910755729408
1158160908998328320
1158160884218441729
1158160879289921541
1158160859966951425
1158160856573722625
1158160853507760128
1158160828337655808
1158160819395469312
1158160787304800256
1158160777842499585
1158160777662140416
1158160771160911878
1158160729012355072
1158160723568209926
1158160699996217344
1158160686264066049
1158160677539856384
1158160676290015232
1158160666487939073
1158160666412367872
1158160658451574784
1158160650604044288
1158160643461124097
1158160613958389760
1158160597411926016
1158160588993912833
1158160579900641280
1158160568433463297
1158160560778862592
1158160556538441733
1158160540671389702
1158160532551196677
1158160511051161602
1158160478532775936
1158160456835579904
1158160452783923206
1158160451970187264
1158160447658430464
1158160427982950400
1158160408831811584
1158160401730822151
1158160389642829824
1158160382713827333
1158160371930292225
1158160368432222209
1158160356281409538
1158160355970998272
1158160353475334144
1158160345275535360
1158160334231875589
1158160329446166534
1158160311070973953
1158160310936702976
1158160293077356551
1158160279919878146
1158160276644139008
1158160269371150336
1158160265927696385
1158160255521624065
1158160252703055877
1158160248831709184
1158160242959618054
1158160215499509766
1158160191889780737
1158160185434750982
1158160175574016003
1158160158830276608
1158160146813640713
1158160145626685441
1158160092946210817
1158160090899394562
1158160087179046912
1158160086059106304
1158160075233615872
1158160072381542406
1158160071706259456
1158160070905085958
1158160065288953858
1158160065217683456
1158160038613127170
1158160036994174976
1158160032602738689
1158160030404960257
1158159996867231744
1158159981423841290
1158159977770553344
1158159951845609474
1158159932774068224
1158159919734022144
1158159906043830277
1158159906006061058
1158159903044886529
1158159900561874946
1158159892659822592
1158159887181983745
1158159872657149952
1158159856454504448
1158159830642827265
1158159830542159872
1158159824573652992
1158159824527548418
1158159815568482304
1158159811755872262
1158159768630059009
1158159732458364928
1158159711377793024
1158159707577692161
1158159698295758854
1158159689395376133
1158159686601990144
1158159679857602561
1158159678137876480
1158159653018198017
1158159650979815426
1158159627848179713
1158159599574429696
1158159586727256064
1158159555341234176
1158159546617139211
1158159544532504577
1158159543626584064
1158159528338350080
1158159517919694848
1158159516724277250
1158159514602016768
1158159507643666432
1158159498072264710
1158159479734722560
1158159476865806337
1158159465717346305
1158159459203604481
1158159455655256065
1158159451163152391
1158159446863962113
1158159443852517377
1158159428610330624
1158159421924683776
1158159411891920898
1158159404908388352
1158159364278181891
1158159353452617731
1158159342484500483
1158159336918704129
1158159333374537728
1158159310725242882
1158159302554726403
1158159293734117377
1158159263866507265
1158159254026674176
1158159226440769538
1158159190038327298
1158159187349843971
1158159161571598336
1158159152251842565
1158159140214267909
1158159127950057478
1158159108912111617
1158159107750268929
1158159097637822465
1158159096710909955
1158159070567837696
1158159067279429632
1158159048803528708
1158159047314608129
1158159031770472449
1158159029799141376
1158159022534680577
1158159018097086464
1158158991299698688
1158158971569614848
1158158954054213633
1158158948085747719
1158158927089078273
1158158923779772417
1158158923758747655
1158158919761584132
1158158880091856898
1158158876086362113
1158158866460418050
1158158816497864704
1158158772034056192
1158158764979175424
1158158730078433280
1158158718275637248
1158158714131689472
1158158711040421889
1158158709731856384
1158158702442143744
1158158701083222016
1158158682686988288
1158158664634687491
1158158661589590016
1158158637698863104
1158158630597865474
1158158617645916160
1158158600277254149
1158158587945979909
1158158580706680835
1158158576747208704
1158158555733811206
1158158544467890176
1158158528135278592
1158158499886575618
1158158464016949254
1158158458551750656
1158158423046803456
1158158405867069440
1158158377790390273
1158158373130506240
1158158363500433408
1158158352859500545
1158158344110202881
1158158341266444293
1158158331623723010
1158158324300427264
1158158320643039233
1158158319934222336
1158158311625285632
1158158307707670528
1158158287088553984
1158158284525920262
1158158275801579520
1158158271942922240
1158158263990521856
1158158255501262855
1158158197456330753
1158158184982466562
1158158135800061954
1158158127256281089
1158158122697056256
1158158118649499648
1158158114430042112
1158158097661251584
1158158065830715393
1158158054384381953
1158158047258271746
1158158007181676547
1158157961765761025
1158157944573386752
1158157942300061696
1158157925002727425
1158157913472606209
1158157911186714624
1158157904077307904
1158157895118262273
1158157878718599169
1158157867494584325
1158157862155313157
1158157833759809536
1158157803736973312
1158157790977937408
1158157777862348800
1158157773164699648
1158157757356347398
1158157753808052229
1158157751459229696
1158157744702152709
1158157721356648449
1158157721151135744
1158157700800425986
1158157696509652993
1158157683863773185
1158157668642693120
1158157666142826502
1158157653257981952
1158157644479250432
1158157630948478982
1158157614435438592
1158157613961531393
1158157597331152896
1158157583317970944
1158157535901290501
1158157527026151424
1158157506725732353
1158157500962738177
1158157484575641600
1158157479613730817
1158157475440418816
1158157421711384579
1158157391881539585
1158157374710042627
1158157355382710276
1158157347166064641
1158157327545065473
1158157326731358210
1158157305667575813
1158157291599867910
1158157278631145474
1158157265687515136
1158157259974819840
1158157231868825600
1158157227032764417
1158157212952518657
1158157211652317184
1158157205931212800
1158157198620614656
1158157195193802753
1158157170233552896
1158157164642353152
1158157122355548161
1158157118492557313
1158157106463301632
1158157095327490049
1158157081138139137
1158157052230979584
1158157010623488000
1158157007599415301
1158157006806618118
1158157000510988290
1158156975605260288
1158156966293835776
1158156918038454275
1158156913252737025
1158156893879197696
1158156881648672769
1158156869858410496
1158156864493895680
1158156839676256257
1158156833313501184
1158156832898260992
1158156821430984705
1158156805664583681
1158156793723404290
1158156789969498114
1158156784034603009
1158156735074451457
1158156728384577536
1158156701188657154
1158156699905253377
1158156695132082178
1158156688236716032
1158156675322404864
1158156640438411264
1158156638957780992
1158156609887121412
1158156579012784129
1158156567440756737
1158156552832016384
1158156510045835265
1158156508435243008
1158156508108079104
1158156505591533568
1158156495441354752
1158156486859788293
1158156486104817669
1158156470145470464
1158156435018137600
1158156427413905409
1158156407818133504
1158156400914288640
1158156399823790081
1158156392601141248
1158156390017523713
1158156382606155776
1158156374217568256
1158156345184542720
1158156322627629057
1158156321700634625
1158156320618532867
1158156319540596736
1158156302037716994
1158156293930192896
1158156292566986755
1158156287739342848
1158156282337091584
1158156276242755585
1158156275554881537
1158156242419929089
1158156227437899778
1158156223461638144
1158156223407165442
1158156216385921025
1158156215391854592
1158156210719338496
1158156189013893120
1158156121636560896
1158156108713922566
1158156098937008128
1158156087906000896
1158156063595802626
1158156063021178880
1158156049217667072
1158156039986061314
1158156020331536384
1158156002086313984
1158155992766353408
1158155957165285376
1158155956758437888
1158155944150351872
1158155942338473985
1158155941688348675
1158155932704153600
1158155908016431105
1158155906590355463
1158155906351345664
1158155865301684224
1158155860138438657
1158155827435507712
1158155824897937408
1158155812860321793
1158155807437008896
1158155804547174400
1158155787040120832
1158155727090987008
1158155718295523328
1158155715284000768
1158155714508001281
1158155706954129409
1158155701216264192
1158155698221568005
1158155678491533312
1158155649764777984
1158155630454149122
1158155612502593539
1158155603547701254
1158155558102458369
1158155542268973056
1158155540964528129
1158155519770746880
1158155485721387008
1158155472458985473
1158155453102268418
1158155427122688000
1158155407090769921
1158155406079909888
1158155383728418817
1158155350404685824
1158155347644878848
1158155320788770816
1158155307052339200
1158155288513515520
1158155283887263744
1158155255714127882
1158155254514573313
1158155237011677184
1158155236097363968
1158155230485393410
1158155222050471936
1158155174566912001
1158155163728863232
1158155157584195590
1158155139968110593
1158155119369891848
1158155114575740928
1158155100814286852
1158155060775477249
1158155041188061184
1158155028051501058
1158155021386731520
1158155019155386369
1158155018920443904
1158154997227544577
1158154987500965888
1158154970094608385
1158154957624958976
1158154949722890240
1158154934489145344
1158154899714138112
1158154882672734208
1158154852259782658
1158154840998109186
1158154839320387584
1158154817514213382
1158154807645016064
1158154803970740224
1158154790645448704
1158154776179347457
1158154770588323842
1158154770496086016
1158154758089314305
1158154754008190977
1158154739244253184
1158154728511025153
1158154687977328640
1158154680276529152
1158154667404210178
1158154647531597824
1158154644192935937
1158154631215800322
1158154627361181696
1158154615491162112
1158154590891728896
1158154585082671105
1158154582633123841
1158154576140406784
1158154559832936449
1158154548277628928
1158154547581218816
1158154546717364224
1158154513829830657
1158154511602593793
1158154485266616325
1158154448549621761
1158154446108528640
1158154434167418882
1158154433525682176
1158154433194340352
1158154431805960194
1158154409798451203
1158154393314897922
1158154377150042112
1158154348590981123
1158154309076422656
1158154269570359296
1158154261223628805
1158154217401593856
1158154207880515584
1158154201987465216
1158154198434885632
1158154118155952129
1158154111348629504
1158154107166871553
1158154038514528259
1158154036027305984
1158154035750477824
1158154025432420353
1158153995602616320
1158153973016252419
1158153971732754433
1158153951646289923
1158153946168528896
1158153919287177216
1158153918653915137
1158153900308029440
1158153898688942082
1158153893148278784
1158153893022326784
1158153883560136704
1158153871132377094
1158153847744925699
1158153840031600641
1158153815893266432
1158153795324514305
1158153790899523594
1158153785501351936
1158153778790588423
1158153754820186113
1158153753582866432
1158153729692119041
1158153707252527109
1158153702189993984
1158153702051651584
1158153701137235976
1158153669059104768
1158153662964916224
1158153654362357762
1158153643733999617
1158153629058179075
1158153610527694858
1158153605477801984
1158153587291242496
1158153581113085952
1158153549316014082
1158153526083751938
1158153522178875402
1158153513907707904
1158153488209199104
1158153438053769216
1158153391199178753
1158153381703311360
1158153375126556677
1158153360870191105
1158153347028922373
1158153343140868096
1158153306948194305
1158153294788870144
1158153293266411521
1158153282507935745
1158153277244133376
1158153275423776768
1158153261603532802
1158153259623710720
1158153237830258689
1158153223259205632
1158153220700737537
1158153217995411456
1158153211456434178
1158153188815622146
1158153123870978049
1158153109874630661
1158153107513237504
1158153092426338304
1158153088039116800
1158153087644839936
1158153072994131968
1158153068623650819
1158153064022532096
1158153047874449409
1158153010045997059
1158153008917700610
1158152995311357954
1158152981331816449
1158152980513927168
1158152954484056069
1158152952168747009
1158152930421293056
1158152924217991170
1158152923647479809
1158152865258582018
1158152840277307394
1158152821046480897
1158152819561652224
1158152770597326849
1158152739433713664
1158152734014627840
1158152730118184961
1158152728033542151
1158152715811348480
1158152695699705857
1158152693287989248
1158152669082607616
1158152666935156736
1158152662078185472
1158152661792886784
1158152623666716673
1158152599276806144
1158152596047224838
1158152595225137153
1158152592658259968
1158152592423378945
1158152589885825024
1158152580943536128
1158152573678968839
1158152564870975489
1158152547850510336
1158152500261851136
1158152487976734720
1158152481521770496
1158152473401614338
1158152466644574210
1158152460021706752
1158152442212704256
1158152428694511618
1158152415843147778
1158152404384321541
1158152388747976704
1158152353691910144
1158152280752971778
1158152274788716550
1158152257575276547
1158152247701835776
1158152214604582912
1158152213849677824
1158152184070123525
1158152178273595398
1158152164545634309
1158152126759088128
1158152110841749504
1158152105191976962
1158152065455140864
1158152056735223808
1158152044445863942
1158152043191840768
1158152034048249856
1158152031800090626
1158151996693712897
1158151974732423168
1158151966326951937
1158151963416125441
1158151952108310529
1158151937285677057
1158151901403340800
1158151865005170689
1158151855266050048
1158151849310150656
1158151848756428801
1158151836332953606
1158151834294521856
1158151826165903361
1158151812618301441
1158151806679171075
1158151779038760960
1158151761925947392
1158151746054774784
1158151744800641028
1158151715348254720
1158151688567570432
1158151663271776256
1158151655139041281
1158151651531939840
1158151637170556999
1158151604350181378
1158151597752508416
1158151567310278656
1158151552923766784
1158151536570261504
1158151517314146306
1158151500587307008
1158151498343342080
1158151487912128512
1158151478252646400
1158151475836706816
1158151428961132544
1158151415535157248
1158151361625825280
1158151357611880449
1158151344731152384
1158151293522915329
1158151275952922624
1158151249231003648
1158151225025712128
1158151217245241351
1158151200459710466
1158151199981547521
1158151134923632642
1158151117441818629
1158151082662645760
1158151017155964928
1158151003155378176
1158150988311740418
1158150987313557504
1158150955864678400
1158150946729447427
1158150904081788929
1158150863510233088
1158150840441552897
1158150808623570945
1158150808124428289
1158150789065576450
1158150788918730753
1158150783554195456
1158150748959629312
1158150726310420480
1158150688863608832
1158150678692470784
1158150654902321152
1158150650515116033
1158150646467571712
1158150630025977856
1158150498031198210
1158150497909596161
1158150491488116736
1158150459858857992
1158150458592116736
1158150453068275712
1158150410340843521
1158150293013565440
1158150280917028864
1158150270276292608
1158150216916357122
1158150119461724160
1158150032002076672
1158150023399596039
1158150013828108289
1158149961617412098
1158149953983848448
1158149899889893377
1158149833783422978
1158149685179289600
1158149637313880064
1158149628971368448
1158149625783750659
1158149533844553728
1158149438218674181
1158149397160628225
1158149387140435968
1158149373068550150
1158149314859995137
1158149305603100672
1158149294777667589
1158149175021834247
1158149148564217856
1158149126581886976
1158149099591471105
1158149082810068992
1158149078041190401
1158149020000432128
1158148923292311552
1158148854258307072
1158148853314576384
1158148836218560512
1158148814659825667
1158148782883782657
1158148774184804354
1158148770460295168
1158148688746700800
1158148677719846912
1158148667766910976
1158148623777050625
1158148579317440515
1158148546488610821
1158148431803813890
1158148430339948547
1158148414246404099
1158148314988199941
1158148304481464320
1158148294587142144
1158148257681498113
1158148255777263619
1158148252044333057
1158148221165854720
1158148067473973249
1158147875211218954
1158147858870259712
1158147778536771596
1158147769216983040
1158147757548429313
1158147755413594114
1158147724904194053
1158147719363518468
1158147716343619586
1158147716159016965
1158147711553720321
1158147694273204225
1158147653542326272
1158147642347720707
1158147612865892352
1158147563779952640
1158147549204832256
1158147527490846720
1158147524370272256
1158147479382188033
1158147455944462337
1158147442271014912
1158147440098328577
1158147433613922304
1158147320342618113
1158147313216499713
1158147307587739650
1158147304597217286
1158147271525109760
1158147241867169792
1158147201371136001
1158147180668080128
1158147173600641024
1158147148749463552
1158147083045617666
1158147047075319809
1158147042667053056
1158147016993718273
1158147005522358277
1158146999377649667
1158146984894697473
1158146945682223107
1158146944138698752
1158146942943277056
1158146932059119618
1158146931287363586
1158146843370557440
1158146828233314306
1158146826169663489
1158146763469008898
1158146743403470851
1158146729646141441
1158146710717313024
1158146683903102976
1158146675787124736
1158146663766269952
1158146649715331078
1158146573068640258
1158146531104571394
1158146522116231176
1158146475337179136
1158146425362010112
1158146423625539590
1158146413441769475
1158146380239646721
1158146354125922304
1158146353891033091
1158146352930578433
1158146340108611587
1158146329689972736
1158146327542452225
1158146311641817088
1158146305383968768
1158146261951713280
1158146231505498113
1158146198798311424
1158146115381923840
1158146099418456067
1158146099405873154
1158146091390554112
1158146080036597762
1158146064383455232
1158146061753618433
1158146045781692421
1158146014752202753
1158145978047913986
1158145968962965509
1158145938050998272
1158145898742013952
1158145838918623237
1158145813853294592
1158145799915802624
1158145716876906497
1158145710270898179
1158145708895232002
1158145704981868544
1158145669623947264
1158145639391420416
1158145594331979781
1158145588757749760
1158145475452768256
1158145397510070273
1158145390551752704
1158145384918736896
1158145354405240832
1158145290748215297
1158145236520095745
1158145218711101440
1158145152428511232
1158145072883523584
1158145040297971712
1158145038859325441
1158144925441171456
1158144905665024000
1158144872118935554
1158144865387077632
1158144806847164422
1158144797980446730
1158144771665408001
1158144763197108224
1158144742837903360
1158144738584858624
1158144694251130881
1158144661099372549
1158144659128033280
1158144638403928071
1158144631453995009
1158144592161726465
1158144531503747073
1158144365329604608
1158144320119156736
1158144265307992064
1158144252779618305
1158144241354326017
1158144123699961856
1158144060512755713
1158144043005726722
1158144014551592962
1158143942359166977
1158143895131365377
1158143788906360833
1158143745617014784
1158143604965216256
1158143576745926656
1158143526493937665
1158143520508694528
1158143511176404992
1158143456654626816
1158143317751844865
1158143312810917889
1158143280384827392
1158143227670794247
1158143223866580993
1158143101128597504
1158143057864404993
1158143013694124037
1158142973420421120
1158142969272311808
1158142959281430535
1158142915094503430
1158142861541617666
1158142821330763778
1158142813919481856
1158142778246881280
1158142755320815622
1158142747292966912
1158142702527143937
1158142699423354880
1158142666271539206
1158142602241355776
1158142569345421317
1158142557081231366
1158142473492926464
1158142458636701697
1158142452651515905
1158142430371307520
1158142353292632066
1158142334963523584
1158142310695260166
1158142196589182977
1158142141840941057
1158142125793525760
1158142043027361793
1158141966791708673
1158141963780153344
1158141958986117120
1158141894297346054
1158141893773078529
1158141879323627520
1158141865943805952
1158141851645427713
1158141782766575617
1158141775615332352
1158141757034500096
1158141740064366594
1158141735912050690
1158141613027332098
1158141596384280581
1158141568290906112
1158141556785852416
1158141503681769478
1158141486711627781
1158141457317937152
1158141399524610049
1158141377114513413
1158141306805338122
1158141258969337861
1158141198210609152
1158141136709529600
1158141067700686852
1158141056791261186
1158141009898946560
1158141003305496576
1158140990416400384
1158140990273859588
1158140982254297089
1158140961932894210
1158140948712439808
1158140843385114630
1158140819360092162
1158140776725078016
1158140662908428288
1158140650853928960
1158140609548472320
1158140572550467584
1158140522046922752
1158140486990872576
1158140296145920008
1158140246514700290
1158140117242060803
1158140011801391105
1158139966242906113
1158139719802347522
1158139666341736448
1158139649992339457
1158139578018144256
1158139488780132353
1158139480387309573
1158139431074828289
1158139368256823296
1158139159980191744
1158139096386199553
1158139095945756673
1158139093253074944
1158139081332809734
1158139075087556608
1158138982120742913
1158138953037467648
1158138867008114689
1158138849916313602
1158138796380164099
1158138763404566528
1158138739643822080
1158138623071608837
1158138601026273281
1158138553223827456
1158138453827170304
1158138426857840640
1158138375968317440
1158138364585029632
1158138338806833154
1158138299048964096
1158138275686768641
1158138261002473481
1158138241318576134
1158138152810418176
1158138120480669698
1158138045952122886
1158138003241537536
1158137864288444416
1158137844797452288
1158137781639700480
1158137781261983744
1158137772642885632
1158137716598616065
1158137678644285440
1158137665373528065
1158137607097896961
1158137550298636288
1158137472364220419
1158137418568130560
1158137379473039360
1158137314276782089
1158137292034334720
1158137264679112706
1158137262640705536
1158137252985356288
1158137234824028160
1158137137528745984
1158137125558243328
1158137086043709440
1158137067685240838
1158137044411064326
1158136983132225545
1158136935333978113
1158136696489283584
1158136619494494208
1158136610074046464
1158136484697923585
1158136412908269574
1158136377533435904
1158136297644408832
1158136234943877123
1158136220100247552
1158136042131775488
1158134981836886022
1158133976529285121
1158156961134907392
1158153101569908736
1158150398424887296
1158149115009818624
1158144686105739264
1158144616740413442
1158144231191580678
1158144055500582913
1158139263978016768
1158136477760589825
1158134833119473664
1158132509470859264
1158165565359439873
1158165317119598593
1158165283951038464
1158165262002216963
1158165260727148544
1158165240779071493
1158164690889052162
1158164688804487170
1158164651420594177
1158164527315324929
1158164458981810181
1158164199199170560
1158164197785710592
1158163906763902977
1158163525619073027
1158163362615836672
1158163261277257729
1158163238011461632
1158163141190193153
1158162903092158464
1158162769302249479
1158162735047352320
1158162717741592580
1158162716550471680
1158162698078773248
1158162655422615557
1158162575328256002
1158162518436646913
1158162328736735232
1158162273296424960
1158162177620152320
1158162162793242624
1158162136675360768
1158162121156386816
1158162009814380544
1158161942030299144
1158161813734920192
1158161781199638528
1158161709149949957
1158161570268090368
1158161352931848192
1158161286057865217
1158161285797875718
1158161267581947909
1158161148442816513
1158161148442791937
1158161121930555397
1158161073809305601
1158161023926509573
1158161015529517057
1158160975918522368
1158160948638732288
1158160942372392965
1158160878442819586
1158160875473313797
1158160829013004288
1158160681239232516
1158160644975353857
1158160614109470720
1158160608157687809
1158160599664271367
1158160550557364226
1158160532060463105
1158160526410752001
1158160522115784705
1158160454381965313
1158160445234143237
1158160424845623297
1158160393782644736
1158160337658687489
1158160319488937985
1158160286311964674
1158160256343715845
1158160241479098368
1158160229349122053
1158160130967519233
1158160119328399360
1158160084817666048
1158159865740742657
1158159806601093120
1158159806022201344
1158159792512389130
1158159775147941890
1158159746630914049
1158159721116966912
1158159695732981761
1158159646458306560
1158159608416018432
1158159600736243714
1158159541630095365
1158159520318795777
1158159481370480640
1158159409819918336
1158159294048690176
1158159263170269186
1158159195411271680
1158159187475664896
1158159041593532418
1158159024422117376
1158159022681481216
1158158898223824902
1158158640852942849
1158158595328008192
1158158497441308673
1158158441560588294
1158158323394469889
1158158041763631104
1158157973295915020
1158157972780007424
1158157878626271232
1158157860213338112
1158157856618831872
1158157844157521920
1158157840433012736
1158157814646358016
1158157805347581952
1158157783885332480
1158157774456610816
1158157761718476800
1158157729334202373
1158157700934582272
1158157633351798784
1158157596991213568
1158157497926127618
1158157466871508992
1158157429063991301
1158157417932361729
1158157376102567936
1158157266635427840
1158157251313577986
1158157249736519681
1158157160553095169
1158157082778120192
1158157026519846912
1158157026184302593
1158156999068192770
1158156993040920583
1158156930713575431
1158156924870942720
1158156916901797890
1158156879136247808
1158156798769160192
1158156642908852224
1158156623166234624
1158156622356713472
1158156573170184194
1158156497265844225
1158156464726446080
1158156430979010564
1158156426038140928
1158156372711759878
1158156291208093702
1158156288246865921
1158156272820244482
1158156244781342720
1158156221024821249
1158156220588388353
1158156215756763136
1158156189429108739
1158156173306212352
1158156163667546113
1158156136459186182
1158156134148124673
1158156116141977605
1158156068553445378
1158156042825547778
1158156019358478336
1158155953784664069
1158155912378499072
1158155910302314496
1158155810830213124
1158155744556003328
1158155744342106112
1158155621658705922
1158155604487221248
1158155487537483777
1158155387994087425
1158155237053612034
1158155048494538753
1158154969377320961
1158154857645301763
1158154832072663040
1158154720202113030
1158154678888255488
1158154474927640578
1158154403599306753
1158154291619749888
1158154204399263744
1158153990783328256
1158153979655794693
1158153886940704770
1158153766497116160
1158153727540416513
1158153697123295232
1158153695932100610
1158153379463553024
1158153373876719617
1158153180548620291
1158153102257807361
1158153101351837696
1158152987170222080
1158152980748783619
1158152930861694977
1158152810581639170
1158152780089102343
1158152778830766080
1158152767380307968
1158152721658253317
1158152240852586502
1158152016272777216
1158151921355689985
1158151871875420160
1158151755907117056
1158151719882305536
1158151510687195138
1158151420161527809
1158151396325240832
1158151129856954370
1158151109933973509
1158151083681898501
1158150956082769920
1158150922066776064
1158150743079215104
1158150710099398662
1158150639328907264
1158150564406005761
1158150396696768515
1158150257684992005
1158150219915243520
1158150204715098112
1158150198268502017
1158150189993156609
1158150072728788993
1158150054072475655
1158149835264090115
1158149761733660672
1158149677893558272
1158149664002191364
1158149609564377089
1158149575607234560
1158149555147411457
1158149515205120000
1158149509404340230
1158149403854737408
1158149302667096064
1158149301786349569
1158149297453641729
1158149293682962432
1158149285734768641
1158149230676127751
1158149158206955521
1158149139001069568
1158149122119163906
1158149102724669441
1158149086874353664
1158149047158530048
1158148920163352577
1158148902064930817
1158148897933529088
1158148885317111808
1158148854283493377
1158148851448143872
1158148811480584192
1158148755750838272
1158148698209226753
1158148469271519232
1158148432252551168
1158148392113057792
1158148291432984576
1158148226295435266
1158148225574014976
1158148202220142593
1158148105457623041
1158148081461997569
1158148057994813442
1158148024360681477
1158147995449352193
1158147939124043776
1158147932253773826
1158147886435246081
1158147844139704320
1158147797910249477
1158147777496567809
1158147733317980162
1158147696143863809
1158147637943648258
1158147632499482625
1158147478924996610
1158147469131362308
1158147356468101120
1158147330094358529
1158147317310136320
1158147262045966336
1158147251841224704
1158147242139758595
1158147235663810561
1158147117862592512
1158147067149266948
1158147017761284096
1158147007648804866
1158146880884359169
1158146843907436544
1158146803717591040
1158146588520386560
1158146509919141888
1158146461441413121
1158146414209380358
1158146231186731008
1158146077977190400
1158145965976539136
1158145860624166912
1158145828286021637
1158145663487684608
1158145660312588289
1158145563604541440
1158145373795495936
1158145358805045250
1158144855983435783
1158144832143069184
1158144592899989505
1158144570879807488
1158144362699743232
1158144340427976705
1158143198239318019
1158142448251678721
1158141998102130689
1158141474258788352
1158140667991855106
1158140523372318720
1158140513490526216
1158140501331185665
1158140311559909376
1158139775540445184
1158139604576428036
1158139293614989319
1158138992321323008
1158138888751341568
1158138740826628096
1158138366497632256
1158138267767844864
1158137756264083458
1158137466609635329
1158137454257475586
1158137288670547968
1158137228805255173
1158137169690714113
1158137110454517760
1158136966539599873
1158136769273094145
1158136667850575873
1158136613702111232
1158136372936486913
1158135976109203457
1158135690334486528
1158135649167388673
1158135340676395009
1158134800512946176
1158134765821845515
1158134685714845697
1158134490922921986
1158134316116905984
1158134101796409344
1158133724044779522
1158133688753950720
1158133684643479552
1158133675382530048
1158133526732136449
1158133488928903168
1158133487519637505
1158133134120108033
1158133132157214720
1158133128764039169
1158133096501403649
1158133049877520385
1158132945070297088
1158132888690470912
1158132756603449346
1158132655604600832
1158131672602349569
1158131643045097478
1158164728981725191
1158164647016615936
1158161761624891392
1158160990674010112
1158160259111890944
1158159113274220544
1158154071607562241
1158153052332969985
1158142124363329536
1158142047876001799
1158139619281711105
1158139379065470976
1158139377777881089
1158138904463269889
1158138450610204672
1158137932533981184
1158137908416540673
1158137851277713408
1158137311965667328
1158137079303417866
1158136995195031559
1158136567577415681
1158136545339170816
1158136429999992833
1158136070871113730
1158135885738782720
1158135761805434887
1158135728628543490
1158135528895778816
1158134423713435653
1158133713089290242
1158132802119970816
1158132658569916418