1193557928067903488
1193557866839511040
1193557827710795776
1193557820228194304
1193557799864717312
1193557731564752897
1193557670235721730
1193557564732182528
1193557499112284160
1193557406145503233
1193557405377978369
1193557396716695554
1193557359353892866
1193557358523375617
1193557232618741760
1193557227073888257
1193557221268951041
1193557077848985601
1193557027823538177
1193556917207076864
1193556855718592512
1193556810944389120
1193556785958916097
1193556778803482624
1193556764291207168
1193556737607028736
1193556728530509826
1193556690400096256
1193556690186231811
1193556684402307072
1193556596300951552
1193556579423047687
1193556552705282048
1193556518702141446
1193556414041591808
1193556290355814401
1193556266196635648
1193556221212741639
1193556168913891328
1193556059379638274
1193556025376477184
1193555999539519490
1193555988625932288
1193555970959519745
1193555893687898122
1193555886649806848
1193555847672193024
1193555789035773952
1193555748061618176
1193555715283128320
1193555692323528705
1193555645624139777
1193555581849784320
1193555518394163200
1193555498785787904
1193555469652103168
1193555457778102280
1193555445094465536
1193555420817842176
1193555417399468033
1193555352559771649
1193555319835807745
1193555292799356928
1193555272809234433
1193555217956167682
1193555019620126720
1193554731030978560
1193554683182354433
1193554682473529345
1193554658813530112
1193554571882311682
1193554549971267584
1193554426071531520
1193554396942082048
1193554369549086723
1193554355816992773
1193554331628396549
1193554317602643968
1193554315367108608
1193554305590190081
1193554296547270656
1193554216746455041
1193554215085449216
1193554209444126721
1193554076216254467
1193554070486814720
1193554034923319296
1193554011972087814
1193553932716576774
1193553908909641728
1193553894481289222
1193553882485538816
1193553823543021570
1193553773949575171
1193553602238992385
1193553591476326402
1193553570584518658
1193553560723697664
1193553534505095168
1193553507875540997
1193553466326765570
1193553432449372160
1193553375176069120
1193553347946651649
1193553300496486405
1193553257689473025
1193553245710495744
1193553235853926400
1193553100549840896
1193552920215719936
1193552858588876800
1193552841845223425
1193552828201144320
1193552818843594752
1193552816876511232
1193552779538776064
1193552746630266885
1193552717236625413
1193552693299728386
1193552667764822017
1193552551729336320
1193552522604109824
1193552502949601280
1193552479394381825
1193552415187968002
1193552407344635907
1193552389757947904
1193552308216500231
1193552257972948993
1193552237458608130
1193552219678920704
1193552171410886657
1193552129077792774
1193552036626882562
1193552029832101894
1193552029727285248
1193552017379213312
1193551993350045702
1193551960034725890
1193551889176154113
1193551851880427522
1193551839284924417
1193551786554077187
1193551767662927872
1193551759320518656
1193551750537580550
1193551750185267203
1193551651128389637
1193551641078837248
1193551606639407104
1193551585617567745
1193551500775219200
1193551467703152640
1193551445867606017
1193551442298183681
1193551376309198848
1193551225951850502
1193551205756264448
1193551157513330689
1193551129445109760
1193551060788502533
1193551037505974273
1193551029872267265
1193551016156975105
1193551011815837697
1193551003242635265
1193551002022162444
1193550965133234176
1193550964986388482
1193550961530286080
1193550937232683013
1193550852918784003
1193550844194676737
1193550800733327363
1193550748438745089
1193550735717359616
1193550718843719686
1193550710262190080
1193550626438950913
1193550613872873472
1193550580423237632
1193550559791534080
1193550487792050177
1193550459245608961
1193550432779538434
1193550387871207424
1193550353582702592
1193550352324448256
1193550350978035712
1193550310066868225
1193550300117950464
1193550209470672896
1193550190772465665
1193550188637491200
1193550163765342214
1193550120022925312
1193550095993716736
1193550054663114753
1193550050233851904
1193550049839583232
1193550049709572098
1193550007472971777
1193549994936225793
1193549991735963653
1193549961880838145
1193549945263022082
1193549905983348737
1193549901919064064
1193549863516020736
1193549849305780225
1193549840891949056
1193549839495237632
1193549805773082624
1193549794066812928
1193549767219003393
1193549751175852037
1193549716237291521
1193549700718383110
1193549697631297537
1193549689683107840
1193549569264685056
1193549557193486337
1193549438876303360
1193549206033764353
1193549179416727554
1193549152103358464
1193549148722802693
1193548951372357632
1193548939800305664
1193548938441371648
1193548912356986881
1193548911400624129
1193548910867947520
1193548880643809280
1193548839308926980
1193548784392949760
1193548761336815616
1193548708799041539
1193548676666257408
1193548658274373634
1193548653379694592
1193548633569931269
1193548631196028928
1193548557028073473
1193548476648435719
1193548439277182977
1193548386332487685
1193548384034009089
1193548359363153920
1193548313880125443
1193548266773925888
1193548264093765632
1193548263963672577
1193548259479957505
1193548237287940097
1193548225720049664
1193548218627477504
1193548177212870656
1193548163652767750
1193548160179822593
1193548072057524224
1193548055158689792
1193548005611376640
1193547999542206465
1193547828339105793
1193547818033713153
1193547787297808384
1193547779588710400
1193547768322805760
1193547738606186496
1193547727617044480
1193547634914578433
1193547628400848896
1193547564634783744
1193547548885078016
1193547537753477121
1193547536784674817
1193547534045732864
1193547533685055488
1193547454953775104
1193547448196747264
1193547370841202690
1193547309960880131
1193547302222417921
1193547223268810753
1193547175734759426
1193547037419167745
1193547029143621633
1193546918166704129
1193546905600565249
1193546815196606464
1193546769986195456
1193546644760989696
1193546629921591296
1193546605527519238
1193546599567384577
1193546597264756736
1193546594479681537
1193546585860390912
1193546552243081216
1193546485293600769
1193546484383436800
1193546434014064640
1193546297531392000
1193546244683120640
1193546202543001601
1193546175946854400
1193546112604479488
1193546092253777921
1193546059559165952
1193545977296310273
1193545971826937858
1193545935168638976
1193545855464280065
1193545828947910656
1193545806487441408
1193545758575878144
1193545708374233094
1193545702766522370
1193545687222370306
1193545540400758786
1193545522520449025
1193545486415941633
1193545439569686529
1193545424025669632
1193545350235250689
1193545344568745984
1193545315430871040
1193545282144931840
1193545254194089984
1193545068923236354
1193545062791159814
1193545057162412032
1193544921589960704
1193544914786824193
1193544914652545025
1193544874156535811
1193544856280412167
1193544821358641152
1193544799745388544
1193544769290612737
1193544666811109377
1193544662402969601
1193544591816966144
1193544575002042369
1193544460535132160
1193544456894636038
1193544449760092165
1193544414142042112
1193544397910097920
1193544371712471040
1193544319849943040
1193544306327470080
1193544271200043009
1193544261234577410
1193544229273911296
1193544191827161088
1193544177415598080
1193544129931829249
1193544089351983105
1193544058347634689
1193544039804669952
1193543995001049088
1193543970246287360
1193543942630854656
1193543919134498816
1193543903284252672
1193543852256321536
1193543827220512768
1193543718030192640
1193543700837752832
1193543642234925056
1193543589609058304
1193543531907956736
1193543521845813248
1193543513931239424
1193543501922918400
1193543468322361347
1193543441055129602
1193543425028689920
1193543417403457537
1193543403901984770
1193543402018811905
1193543208170594313
1193543191993212932
1193543167485923328
1193543093435408384
1193543090549796864
1193543081099976704
1193543069276286976
1193543069079093251
1193543015656230912
1193542991618740224
1193542949876981760
1193542942620897280
1193542936883027975
1193542924123938816
1193542923759083520
1193542922173636610
1193542921032753152
1193542786848563202
1193542728568725504
1193542697828732928
1193542669143826434
1193542666186829824
1193542651888443392
1193542589955428353
1193542547425116162
1193542488683925505
1193542456853307393
1193542449295175681
1193542432610299904
1193542404990808064
1193542384434524161
1193542352549433346
1193542330596384768
1193542230369288193
1193542181094600705
1193542157887582210
1193542072449433606
1193542055756271616
1193542047355035648
1193542032804986881
1193541869596282881
1193541863057371136
1193541820787109889
1193541787014619137
1193541759898279937
1193541727006724097
1193541683629166592
1193541679367757826
1193541672606535680
1193541597935353856
1193541596383514624
1193541589894881282
1193541574912827392
1193541500669505536
1193541498220011520
1193541473515560961
1193541431828324352
1193541429223739392
1193541402501828609
1193541388262084608
1193541370780246016
1193541319756517377
1193541288668172290
1193541278367191041
1193541205113614339
1193541185832398848
1193541181277384704
1193541080052043777
1193541078324039680
1193540996899966976
1193540959109308416
1193540947608526849
1193540925328384000
1193540815597031426
1193540754653749253
1193540698030690304
1193540651838623744
1193540630569463809
1193540627679584256
1193540595308023808
1193540561883598848
1193540509094043652
1193540477485752322
1193540410188193794
1193540356861759493
1193540261609197570
1193540220525920258
1193540205472550912
1193540194718420994
1193540187328057346
1193540175068041216
1193540171469393921
1193540162615201792
1193540124686127107
1193540121976393728
1193539991852462082
1193539981886861312
1193539903008780289
1193539877268275201
1193539869764726784
1193539853629239306
1193539838546448385
1193539837036552192
1193539824717901824
1193539787208167425
1193539736343863296
1193539730069217280
1193539700037967872
1193539652298444800
1193539583331438592
1193539542156021760
1193539521960456192
1193539496777830400
1193539491534954501
1193539491014860800
1193539461138829312
1193539459905675269
1193539456260812800
1193539413160185857
1193539411658641408
1193539402171064320
1193539298311753728
1193539295447048194
1193539229348958208
1193539188605538304
1193539182569967617
1193539182053994501
1193539168003141633
1193539163049668609
1193539158251384834
1193539135912460288
1193539078060421121
1193539009584209921
1193538984770768897
1193538979989200898
1193538933256310784
1193538931255599107
1193538926037872641
1193538881997721600
1193538860195753985
1193538830684561410
1193538812384821248
1193538808068882432
1193538802784100354
1193538743644381184
1193538695040831488
1193538684651474944
1193538625134305280
1193538594058784773
1193538546172346369
1193538542624018432
1193538542334566400
1193538523997097984
1193538513691725830
1193538509686136832
1193538498617319425
1193538485812125698
1193538475817132033
1193538470301634563
1193538451607605249
1193538443453837312
1193538395143839744
1193538369915101184
1193538363728564226
1193538331772145666
1193538282627457024
1193538266110332929
1193538258724098048
1193538253233774593
1193538230236434437
1193538221524881409
1193538168366219264
1193538114784022528
1193538113546661890
1193538106768723969
1193538087294578688
1193538082248765440
1193538035599790081
1193538026397478918
1193538005136490496
1193537998392041472
1193537979526123520
1193537970533523457
1193537957673787394
1193537957619228673
1193537921497866241
1193537904443895809
1193537856775630853
1193537795253571584
1193537768045060096
1193537760390451203
1193537736612962305
1193537732611657728
1193537662763905024
1193537613627572225
1193537556551479298
1193537545814065152
1193537536527872000
1193537531226337280
1193537519616442368
1193537507406893059
1193537466483040260
1193537446543319040
1193537440545464323
1193537423327793153
1193537417308979201
1193537411566977024
1193537394819162113
1193537371737903104
1193537339559202818
1193537308022247424
1193537275688312835
1193537269774372866
1193537266934779904
1193537257065590786
1193537193245057024
1193537190262968325
1193537165528973313
1193537135787331586
1193537066371600384
1193537055281823745
1193537049074241536
1193537043114156034
1193537010516058114
1193536986541436928
1193536982460354562
1193536979964706817
1193536969697042432
1193536919390605313
1193536919063252992
1193536890454073346
1193536880203223042
1193536820505657345
1193536793175633920
1193536774619795456
1193536769125486592
1193536746564268032
1193536740306440192
1193536724401606656
1193536711453806592
1193536707892826112
1193536703065141249
1193536668290211840
1193536648727990274
1193536637923401728
1193536625499918336
1193536618126356480
1193536583309385730
1193536540795981826
1193536528821182466
1193536526757617664
1193536474001661954
1193536456150716418
1193536442171088897
1193536428912889862
1193536402824282118
1193536402497122304
1193536376484048902
1193536353448988672
1193536320175513603
1193536297400446977
1193536277796315136
1193536242161537026
1193536222808948737
1193536213678002177
1193536200306515974
1193536166139707392
1193536144463552519
1193536126281236481
1193536120577024004
1193536112708464641
1193536099341221889
1193536090474450945
1193536067137224707
1193536047533174784
1193536042340626433
1193536041166295040
1193536040264445954
1193536035990495232
1193536034472124416
1193536019896905728
1193536003086176256
1193536000653479937
1193535994248794117
1193535948614582273
1193535921150402560
1193535897343537154
1193535877869457408
1193535870986522625
1193535849704677376
1193535820923359232
1193535765428477954
1193535739411255297
1193535468777955329
1193535465502257152
1193535422464512002
1193535194327896064
1193535192687878144
1193535155392135169
1193535056490483713
1193534944141873153
1193534849895845888
1193534796183592960
1193534775904083970
1193534757105283072
1193534696380088320
1193534690680025088
1193534675714740225
1193534636091162624
1193534615648194560
1193534613014171649
1193534315096870913
1193534265436319744
1193534236315279360
1193534080480169985
1193533949290729472
1193533935294263296
1193533923743145989
1193533856768577538
1193533836057088000
1193533828700295174
1193533589687853056
1193533508523823104
1193533503058726918
1193533302831013888
1193533295583223810
1193533261064101888
1193533251257802752
1193533049688002560
1193532959644618752
1193532904070098944
1193532712134627328
1193532637287256067
1193532603116204033
1193532575496785920
1193532539211853824
1193532334072631297
1193532330079670272
1193532291525566464
1193532254196322304
1193532230968041472
1193532047492624384
1193532027863228417
1193532026017734656
1193531996921909248
1193531983726559232
1193531951631814656
1193531854885998592
1193531839564128256
1193531783100485632
1193531711499452422
1193531684723003392
1193531649029496835
1193531629135896576
1193531544566222848
1193531535145746433
1193531385996288005
1193531322158870529
1193531294614990854
1193531202566647808
1193531178692820993
1193530904934801409
1193530891445911558
1193530852573155328
1193530789855711233
1193530533906702337
1193530524788281344
1193530495390359552
1193530472984244224
1193530403849691138
1193530276426727425
1193530262132576256
1193529987074285570
1193529945844113410
1193529940907569157
1193529781817663488
1193529724863160320
1193529679501770753
1193529664117055490
1193529581883527168
1193529573918593026
1193529222817550338
1193529197534306306
1193529187145076736
1193529180694220803
1193529171718426629
1193528984916680705
1193528970907705345
1193528954440888320
1193528943942545408
1193528891299827712
1193528879870304256
1193528813273190400
1193528614572167169
1193528554518134785
1193528546528026624
1193528528144392192
1193528341250420737
1193528336414396416
1193528328969437185
1193528325416923136
1193528254440849409
1193528210736242688
1193528182076518401
1193528151860752384
1193527954866941954
1193527911447445504
1193527835908071426
1193527758267305984
1193527514402033664
1193527505858248704
1193527353357611008
1193527152894992392
1193527126974238720
1193527116157063168
1193527062809722885
1193526927115608065
1193526871100731392
1193526767400706051
1193526748941574144
1193526715361964034
1193526709066313728
1193526676971491329
1193526619551477761
1193526614157606912
1193526562009878528
1193526542984531968
1193526473384189952
1193526400134909952
1193526387455528961
1193526369155719168
1193526283776544770
1193526267590643713
1193526251698438144
1193526164473688068
1193526163718725632
1193526055115591683
1193526048723472384
1193525962169823232
1193525902929514497
1193525874395664384
1193525799485366272
1193525797748916224
1193525541669933056
1193525312254074885
1193525291391627264
1193525281535021056
1193525053314519045
1193524938776428544
1193524873324367872
1193524769238503424
1193524682303115270
1193524618155495426
1193524617698258946
1193524616171577345
1193524606721839105
1193524562975219721
1193524553957478402
1193524532545490944
1193524518972788736
1193524507702693888
1193524494062817280
1193524471400947714
1193524447623421952
1193524360088342530
1193524255410941958
1193524158539423746
1193524129099583488
1193524105460535297
1193524059373494277
1193524004616884225
1193523967144988672
1193523957485445122
1193523907783020548
1193523876732518400
1193523838694371328
1193523744330960897
1193523741508227077
1193523739000016897
1193523721987907585
1193523719773327363
1193523714492698626
1193523643541807104
1193523574058958848
1193523472829468674
1193523472611368960
1193523436582309888
1193523393959809027
1193523348908756993
1193523219476680704
1193523208512835584
1193523141991182341
1193523126396751872
1193523069014466562
1193522994511065090
1193522932976406528
1193522896607600641
1193522880476307462
1193522802323869697
1193522772397477893
1193522769859956738
1193522716256718848
1193522662410207232
1193522601697656832
1193522564297056256
1193522411498594305
1193522402766065664
1193522402266890240
1193522366875394048
1193522336982618112
1193522316040384512
1193522311720308737
1193522246838628352
1193522196804784129
1193522161018953729
1193522005074677765
1193521989333454851
1193521973931970561
1193521968617840640
1193521947579232262
1193521928956522496
1193521855279316992
1193521787549736961
1193521771338698752
1193521746474913792
1193521712052264967
1193521608553631744
1193521497182285831
1193521496540487683
1193521346103463939
1193521333038125067
1193521259348254721
1193521201001447430
1193521168688599040
1193521102955450368
1193521035863306240
1193521016158507008
1193520997200257024
1193520910936027136
1193520909916749826
1193520877364826115
1193520823732252677
1193520776202399744
1193520702135009281
1193520695147450369
1193520602595954690
1193520478859776000
1193520442805497856
1193520363721900034
1193520271921221632
1193520243081142272
1193520239197270016
1193520197514211328
1193520156280000512
1193520012306206721
1193520011505291268
1193519995222994944
1193519984955285504
1193519982585487361
1193519960141766656
1193519877891526656
1193519875160981505
1193519792440958976
1193519772262117376
1193519764729143296
1193519749516480512
1193519723490807810
1193519636094038023
1193519567752114178
1193519545417424896
1193519492585938944
1193519451884445696
1193519316819480578
1193519310507061248
1193519266986889219
1193519211802451970
1193519202235236353
1193519200406528000
1193519075869306880
1193519070223773697
1193519018998714368
1193518913688145920
1193518888954318848
1193518722423697408
1193518660809347072
1193518580882640896
1193518560003407875
1193518473617530888
1193518442906869762
1193518421272596481
1193518350380474374
1193518284768985088
1193518240611414016
1193518124416536577
1193518025712029698
1193518022557929475
1193518021375123456
1193517913338187777
1193517812763045888
1193517809759854592
1193517767967817728
1193517728285507584
1193517650573430786
1193517590938828802
1193517557233438720
1193517554687512576
1193517504611663872
1193517466707808257
1193517300105781248
1193517267876765697
1193516972941688834
1193516963013840896
1193516935104868352
1193516913122586624
1193516772164612097
1193516756427575296
1193516715856007168
1193516548062941186
1193516540202754049
1193516520531513346
1193516519248007175
1193516516760788992
1193516498129760256
1193516476831014912
1193516470371848192
1193516400469512192
1193516390931746816
1193516388452904967
1193516145111908353
1193516133086879744
1193515960306733056
1193515926571900929
1193515884217851904
1193515725069127680
1193515678638256129
1193515652738437120
1193515647000428544
1193515586241863680
1193515582769029121
1193515532059852802
1193515458969980928
1193515395786911744
1193515395266818049
1193515393618513925
1193515379907334144
1193515218564997121
1193515165096071168
1193515140089622530
1193515100474351617
1193515091481812993
1193515079377010689
1193515065661673472
1193515040378425344
1193515012503019521
1193514990810075137
1193514945620717569
1193514845469057025
1193514842319151104
1193514814020169730
1193514807154135041
1193514787503792128
1193514720784990209
1193514714950754304
1193514707614937088
1193514652988260353
1193514647959326720
1193514640195641346
1193514542929731587
1193514530829197317
1193514527998001152
1193514465045569542
1193514313346093057
1193514298137628674
1193514297021870081
1193514192822849536
1193514088309108736
1193514064690974722
1193513983451553794
1193513959321673735
1193513938761240577
1193513919656202240
1193513903348682752
1193513892275793920
1193513881014013957
1193513872155717632
1193513869341265920
1193513804895866880
1193513790240894979
1193513777725165569
1193513722762989568
1193513608317210624
1193513594115252229
1193513530554757122
1193513468428771330
1193513428217929728
1193513314275467266
1193513308105723904
1193513166002479105
1193513164899540992
1193513156095684608
1193513141390446593
1193513098872836097
1193513098029740033
1193513055143026688
1193513052265746432
1193513005155270657
1193512990189993987
1193512950763536384
1193512877497442307
1193512871910658048
1193512844073021440
1193512830198304769
1193512829455872001
1193512823231569920
1193512822015217671
1193512818710106112
1193512790801223680
1193512782978863105
1193512748996583424
1193512735251869696
1193512724929687552
1193512672685375488
1193512642826125312
1193512638086553600
1193512613352747008
1193512598471348225
1193512586391818241
1193512579743834112
1193512556536717314
1193512487804645376
1193512394577895426
1193512378975043585
1193512375128907777
1193512344023949313
1193512302013751301
1193512300994551809
1193512279129698304
1193512257709367296
1193512191577726976
1193512190864695296
1193512165254283264
1193512164113473537
1193512104365572096
1193512071725494281
1193511986715381763
1193511785632014336
1193511772268978177
1193511720595144704
1193511627456430084
1193511602156376065
1193511348795314176
1193511176380006400
1193511111947096064
1193511104691015685
1193510963678470151
1193510655497781248
1193510475348230144
1193510411380969472
1193510308503003136
1193510296800944131
1193510144753197056
1193510134804340739
1193510111169384448
1193510103216996353
1193510031095975936
1193509975861190657
1193509949286100993
1193509402785013762
1193509214729199616
1193509188741353472
1193509167572672513
1193509125340225541
1193508998894497793
1193508798817820672
1193508574883975175
1193508568261177346
1193508466897408001
1193508453857280000
1193508438980136961
1193508421116534784
1193508233480200194
1193508077066170379
1193507873059409921
1193507815899500545
1193507754729598976
1193507726430748673
1193507709892603904
1193507659414196224
1193507630817402881
1193507360419041282
1193507287874383872
1193507287853420544
1193507125756084224
1193507079325126657
1193507067136483328
1193507032755773440
1193506846377730048
1193506758553145344
1193506720103972864
1193506446530482176
1193506301592162304
1193506263772147713
1193506225222299649
1193506212622536705
1193506142229553152
1193506072012693504
1193505904966197249
1193505785571106818
1193505087827697664
1193505002284863488
1193504921796194304
1193504746843316227
1193504663590621185
1193504638085091329
1193504504894939138
1193504463421689856
1193504381561376773
1193504355661557760
1193504286250012672
1193504242562142209
1193504205253873664
1193503956569411589
1193503936910708736
1193503915209318400
1193503765749534735
1193503606273478659
1193503502963793920
1193503485943328773
1193503450681794561
1193503231395188736
1193502999726956544
1193502926481842176
1193502777730838528
1193502776887795712
1193502727118213121
1193502679689027585
1193502638555439104
1193502425962942464
1193502404253274112
1193502386515525639
1193502384401596418
1193502313169739777
1193502128192573444
1193502103945302016
1193502058890104834
1193502030788202496
1193502011175686144
1193501993349849088
1193501038374014983
1193500909969518595
1193500574463004672
1193500009095925760
1193499785262751745
1193498991318773761
1193498732400168962
1193498691203670016
1193498487851233282
1193498268837318656
1193498259152486401
1193498246318084101
1193497587774640133
1193497535261937671
1193497384904482816
1193497330240106497
1193496501668007937
1193496432839471105
1193496089464360960
1193495973596737537
1193495363589672960
1193495121272152064
1193494898441433088
1193494342067015685
1193494195476090883
1193494135895994368
1193493525771554817
1193493011965136896
1193493003199008768
1193492964573679616
1193492948299780097
1193492890577768448
1193492760977903616
1193492561056403456
1193491278413123585
1193491208691240962
1193489753926197248
1193487558203912193
1193486566406197248
1193486552850145280
1193486245768388608
1193485190762397696
1193484545091391488
1193483478211481606
1193482750449344512
1193482175062122496
1193482055914524672
1193481885835497472
1193480893438013441
1193479719280398337
1193479619430813697
1193476614899810306
1193472503592685570
1193471985269039104
1193470682732146688
1193470045424410624
1193469900255375360
1193468540080336898
1193468114886901760
1193468063443816449
1193467729602326530
1193467555471675397
1193467478371917824
1193467424856846338
1193467267041955840
1193466788484399105
1193466730783395841
1193466609211465728
1193465992753688587
1193465057851645959
1193464692347461632
1193464422402068480
1193463302355136512
1193463053284708358
1193462785558163458
1193459962070130689
1193459193954603008
1193459186371375106
1193456908788797441
1193456834738155521
1193453704109862912
1193448621280301056
1193433801336279040
1193432959078076417
1193430740056334336
1193423999788863488
1193422797252497408
1193421802728493056
1193417023319166976
1193415922872180736
1193415482738663424
1193414515339251713
1193409825964736512
1193409798420803584
1193401557141917696
1193400023284887552
1193398002817351680
1193397825117274112
1193396259584987136
1193396137249714177
1193395380618219521
1193392552902365184
1193392358093737986
1193391226541821952
1193556174525943809
1193555877065871370
1193555868937334784
1193555864482914305
1193555809239740419
1193555679354724353
1193555576627908608
1193555473309585411
1193555287283830784
1193554893262540801
1193554865705955329
1193554726949969921
1193554590668644352
1193554240666558464
1193554041399365633
1193553950311669761
1193553861627273218
1193553707880919041
1193553689254014976
1193553614826090496
1193553559025016832
1193553476556603393
1193553277486600194
1193553100067487747
1193552949626245123
1193552893468561408
1193552748064755712
1193552432774754305
1193552430044209152
1193552326293884931
1193552272640352256
1193552189869961216
1193552153626984448
1193552061222309888
1193551706753314816
1193551677363834880
1193551469108183045
1193551458215616513
1193551445032914946
1193551059630854144
1193550960087457793
1193550915208388609
1193550780462247937
1193550617656070145
1193550597745774593
1193550540631953409
1193550500307853314
1193550434646077440
1193550430485327872
1193550406099652608
1193550241963945984
1193550184430657538
1193550097751183360
1193549826753015809
1193549620053446656
1193549618384134145
1193549548129595392
1193549406613753856
1193549382387486721
1193549182717571072
1193549097996881920
1193548921253040128
1193548909437767681
1193548850952364032
1193548835173339138
1193548751127928833
1193548655501987840
1193548652117217281
1193548627337187331
1193548555585236993
1193548389146877952
1193547843493154817
1193547791030726656
1193547731253510144
1193547641352798208
1193547364050579456
1193547178221953026
1193546567908757505
1193546506869104640
1193546485931085824
1193546226366636034
1193546225418670085
1193546146028957697
1193546098180263936
1193546039447474176
1193545960745553920
1193545908971036672
1193545713701064704
1193545624110714885
1193545599251034112
1193545508293423105
1193545335748075521
1193545230605332481
1193545169674608640
1193545117124218881
1193544969258242048
1193544656778407944
1193544541414023170
1193544436929761280
1193544381384531969
1193544333925998592
1193544243555577857
1193544172671778816
1193544161133244417
1193544010633293825
1193543978995666945
1193543893951930368
1193543871483011072
1193543840373903360
1193543832958361600
1193543743460253696
1193543615315873792
1193543380627836929
1193543158463913984
1193543141292421122
1193543069276266501
1193543058882809856
1193543021410816001
1193543003668930561
1193542992948322305
1193542833560535040
1193542581747159040
1193542539640496128
1193542461613838336
1193542372954689537
1193542238204239872
1193542195170680832
1193541984595656709
1193541898046263296
1193541787283021826
1193541734032015361
1193541594911252480
1193541560350265344
1193541482432598022
1193541410169008128
1193541297841299457
1193541275112398848
1193541179469631488
1193541094325280768
1193541072930181121
1193541025840738307
1193540884979167234
1193540826238013441
1193540777831469056
1193540427573612544
1193540245150670848
1193540102334697472
1193540014694686720
1193540002237571072
1193539930653372417
1193539833773412352
1193539420647051264
1193539295124086785
1193539198667673600
1193539002567217152
1193538724493176832
1193538663625494531
1193538548852502528
1193538548726718464
1193538545518026752
1193538497229021184
1193538315527639040
1193537995573530629
1193537693067677706
1193537637329620993
1193537549798662144
1193537511496310784
1193537462607523840
1193537448518836225
1193537397994262528
1193537132163424257
1193537072067489794
1193537014651609089
1193536850348183552
1193536827375919104
1193536746719514625
1193536743028543488
1193536453906698240
1193536297257897984
1193536183323811841
1193536034606370816
1193536023416000512
1193535997973344256
1193535868990087168
1193535842909917185
1193535807233155073
1193535099750494208
1193534916904046593
1193534886847496192
1193534796170874880
1193534697235726336
1193534656978784257
1193534591992250369
1193534338752765954
1193534204849655808
1193533783946997760
1193533771129196545
1193533740435283970
1193533664191270914
1193533575775293446
1193533555747557377
1193533402311467008
1193533360947310592
1193533178583105539
1193532870901555200
1193532837070360576
1193532836214689792
1193532429589471233
1193532413504315392
1193532392004300800
1193532265365671937
1193532136185315328
1193531949756932097
1193531883080110080
1193531858102951937
1193531786388791298
1193531732215160832
1193531703454838786
1193531642142429184
1193531473334296577
1193531359173763073
1193531280429867018
1193531277120614405
1193531251703107584
1193531200012505089
1193531186754342913
1193531148212875264
1193531092579627008
1193531062321864704
1193530937713315840
1193530851595870208
1193530756884287488
1193530702496702469
1193530549215932416
1193530440436666368
1193530010910576640
1193529736749821953
1193529645322428416
1193529228282781697
1193529225258643456
1193529224486957056
1193528973633949697
1193528920462778369
1193528861054636032
1193528707555741699
1193528548050558979
1193528314373246976
1193528245972549633
1193528224325808128
1193528150094954496
1193527972021583872
1193527952325140483
1193527930745425922
1193527915797008385
1193527879897960448
1193527812310937600
1193527751241805825
1193527583134101509
1193527567237734400
1193527443472240641
1193527427655450624
1193527286521368578
1193526991544180736
1193526830759907328
1193526770449997824
1193526767870451717
1193526677348986880
1193526661364494337
1193526660626288640
1193526571568685057
1193526487024050176
1193526482615840768
1193526427653754881
1193526282631430148
1193526228940181504
1193526090171637762
1193525942452457472
1193525757848494080
1193525420764909568
1193525156368601089
1193525123850092545
1193524802000162816
1193524596378624000
1193524557577150466
1193524550119636994
1193524532067352576
1193524525130014721
1193524477331681280
1193524344485494784
1193524328471703552
1193524307009396736
1193524281222803459
1193523803814551552
1193523799662252033
1193523620531838978
1193523587912785922
1193523573488541697
1193523471659290625
1193523457943838720
1193523205174112257
1193523063968747520
1193522947157372928
1193522808460058625
1193522642520817664
1193522640167821313
1193522564720672768
1193522512367411200
1193522468054589442
1193522457191309312
1193522376996270080
1193522230497558528
1193522223270834178
1193522209966477312
1193522127397425152
1193522123207299072
1193522013048102912
1193522008186871814
1193521991564828672
1193521972916809730
1193521928528650241
1193521865513459712
1193521768218210304
1193521691680550913
1193521679059824640
1193521671103229954
1193521364155686912
1193521342081056769
1193521264348090369
1193521024370958336
1193520834570260480
1193520804279009280
1193520689518710784
1193520646250213376
1193520542416068608
1193520403299340288
1193520362040037376
1193520337784385536
1193520273674428416
1193520160298225666
1193520040580190209
1193519981071351810
1193519762887847936
1193519670441185280
1193519620059258881
1193519330593591296
1193519121272586240
1193518781672361984
1193518735950258176
1193518588419805184
1193518546963386368
1193518505414602752
1193518503271251969
1193518409922813952
1193518272433545217
1193518172848238592
1193518069114703872
1193517951074353152
1193517694399713280
1193517356368244736
1193517246762639360
1193517204815450112
1193516831069347841
1193516568774397953
1193516527200460802
1193516475610468352
1193516434036539395
1193516301362384898
1193516297138528259
1193516280151711744
1193516187952566272
1193516167333392386
1193516041168658435
1193515945031020544
1193515929113640961
1193515800122068993
1193515659692576774
1193515477097754624
1193515417177935872
1193515217046638592
1193515178710700033
1193515061723254785
1193514959839342593
1193514674014298113
1193514646239625216
1193514514442063878
1193514478307921922
1193514368811622401
1193514339870920704
1193514259810017281
1193514234832982016
1193514031186894848
1193514003508662278
1193513997942820865
1193513900601462784
1193513882469457922
1193513745047314434
1193513656740450309
1193513639422152704
1193513630437908481
1193513583805681664
1193513531007746050
1193513501769314304
1193513342666719232
1193513209942163456
1193513132695666688
1193513076307513346
1193512910707924994
1193512844576337925
1193512771473858562
1193512669841674240
1193512601340301312
1193512529915523072
1193512407139786752
1193512241552875522
1193512208283639808
1193512142999302144
1193511870889680897
1193511739524108288
1193511688026427393
1193511683299463168
1193511653729542144
1193511578794106882
1193511513358766087
1193511387332517888
1193511375533948928
1193511321775607808
1193511299784810496
1193510988324245507
1193510965628866566
1193510598023294976
1193510247693991936
1193509788124164096
1193509704582025217
1193509609153142785
1193509480232816640
1193509263559286784
1193509069002285062
1193509018066706432
1193508924206518272
1193508817776054272
1193508555137175554
1193508360357851140
1193508251545034753
1193508202379431941
1193507857515372546
1193507840545239044
1193507838703886336
1193507820555194368
1193507782701572096
1193507576522166272
1193507465486315520
1193507455285813248
1193507426705854466
1193507379909943296
1193507368337891330
1193507331075653637
1193507315200282626
1193507309332377601
1193507276214226944
1193507260779126784
1193507233574903808
1193507206219673605
1193507167262904320
1193507129090625536
1193507120483831808
1193507106349031424
1193507087973863424
1193507070869475335
1193507051797975040
1193507019807952896
1193506949813415936
1193506896747073536
1193506882029264897
1193506825783644162
1193506644786917376
1193506569847214080
1193506353614118913
1193506336618754049
1193506315395616769
1193506299557883904
1193506246130913280
1193506145593376769
1193506088659931144
1193506058423144448
1193505961077624832
1193505684970704896
1193505593883086848
1193505520616902656
1193504956034306048
1193504900749176832
1193504535223947264
1193504034923122688
1193503767985098752
1193503472588591104
1193503448647585792
1193503443148824576
1193503339243298816
1193503181306773504
1193503117003886593
1193502923214467072
1193502820609249280
1193502800354955264
1193502776254509056
1193502707555950592
1193502671703085057
1193502598743109632
1193502552874274822
1193502532464758784
1193501875187933185
1193501725761638400
1193501096997732352
1193501024440475649
1193500836313346049
1193500388172976132
1193500253753925632
1193499759597834240
1193499622905384961
1193499545008779264
1193499478373863425
1193499301051277313
1193499272643317761
1193499194314690560
1193498915598979072
1193498869952323587
1193498683121324032
1193498559322185728
1193498524903772160
1193498486966276096
1193498486706184193
1193498459548110848
1193498445279043584
1193498427583291392
1193498416749404160
1193498413742071810
1193498296381313025
1193498180400353281
1193497926720524289
1193497541960179712
1193497309558067200
1193497060919717888
1193496967411896320
1193496923174580226
1193496783520972804
1193496723592810496
1193496660623679489
1193496655661809665
1193496491693920259
1193496107579531266
1193495708193701890
1193495450281791488
1193495273877753856
1193495061880639489
1193494770934583297
1193494590952787968
1193494384513294336
1193494176530358273
1193494167827222528
1193494154166390784
1193494120133799936
1193494107940933632
1193494095806844929
1193493971143725056
1193493958720131078
1193493849852825602
1193493688346980352
1193493410822402049
1193493337807958016
1193493313535561728
1193493242597269510
1193493007053524992
1193492999956828160
1193492906457391106
1193492789536772097
1193492274488983558
1193491784304930817
1193491749345345537
1193491556097052672
1193491467131588610
1193491301284663297
1193491288403910656
1193491236709130240
1193491054965796864
1193490829098323968
1193490690790973441
1193490368362360834
1193490235855966208
1193490119375949824
1193490118541230081
1193489825816555520
1193489597482844160
1193489575135645696
1193489549797789696
1193489473121771530
1193489372034805760
1193489272004841473
1193489261510746114
1193489219827752962
1193488910690717698
1193488576526389251
1193488433836154880
1193488351447408640
1193488224615849984
1193488191376035840
1193487964862595073
1193487815637716992
1193487742983954432
1193487722687664128
1193487678278377472
1193487574825873409
1193487565736861697
1193487491141193729
1193487465191026688
1193487248156700673
1193487233426300928
1193487095731564546
1193487061187215360
1193486956463874048
1193486907524685824
1193486635456962560
1193486624597987328
1193486327272148992
1193485860823609344
1193485805265793024
1193485733086056450
1193485596376936449
1193485549308387329
1193485510397890565
1193485510183915520
1193485442496290816
1193485433696661505
1193485431695925249
1193485329052905472
1193485271276367873
1193485246123184128
1193485214246457344
1193485198190686213
1193485167886839809
1193485148286795776
1193485089491038209
1193485082805309441
1193485035577511937
1193485023158116358
1193484944103936002
1193484922134171649
1193484850428293121
1193484759483195393
1193484751056887809
1193484710833479683
1193484699349454848
1193484661164560384
1193484629174636544
1193484613710221312
1193484603346096128
1193484584513687552
1193484524891594752
1193484516834369536
1193484415088943107
1193484351612301313
1193484287506554880
1193483978944196608
1193483710240370694
1193483642275803137
1193483504992034816
1193483406975406081
1193483370178723841
1193483323412271104
1193483159385624576
1193483068377620482
1193482988388048897
1193482918452236288
1193482803456942080
1193482752068345856
1193482735681253376
1193482648334802944
1193482625182244864
1193482576138264582
1193482226295545857
1193482171824115712
1193482170351968256
1193482154669465600
1193482141251846145
1193482020414009344
1193481753501077504
1193481714447851526
1193481521178562560
1193481117908623360
1193480739460919297
1193480512918212610
1193480464176209920
1193480462515294208
1193480252820983808
1193480239999062016
1193480221841936384
1193480008867753985
1193479974839345152
1193479832497246210
1193479829527695360
1193479471006961664
1193479374206644224
1193478985797136384
1193478906751401984
1193478731467251712
1193478666854051840
1193478559374958593
1193478293032521728
1193478175436750848
1193477948860510208
1193477930279682048
1193477774067011584
1193477689061072896
1193477619108470784
1193477449469874176
1193477196112891905
1193476935369801728
1193476850636541953
1193476789441638400
1193476662211551233
1193476285743468544
1193475707202146304
1193475506823413760
1193475315244380161
1193475206515503104
1193475037539569665
1193475018166013952
1193475010788253696
1193474958002929670
1193474879342952448
1193474807855230976
1193474582755381249
1193474546411692032
1193474464182341632
1193474434641866752
1193474393718099968
1193474261408571392
1193473945493819393
1193473902414090240
1193473819777945601
1193473546040881155
1193473462985199616
1193473352586932224
1193472994624131072
1193472894434758656
1193472884506841088
1193472881931493376
1193472835374714880
1193472749290672128
1193472446000779265
1193472321501220864
1193472298495479808
1193472149870264325
1193472072154046464
1193471663901462529
1193471544917405696
1193471521072783366
1193471409084882945
1193471397907091456
1193471381322776576
1193471350696005634
1193471325731352576
1193471314402652160
1193471258677133314
1193471245804806144
1193471177437728768
1193471067391692801
1193470679229849600
1193470534694195200
1193470435058421761
1193470429278744577
1193470418616803333
1193470306096222208
1193470217411842048
1193470163611463681
1193469991917674496
1193469690364022784
1193469680968765441
1193469667379154944
1193469579890233344
1193469545471774720
1193469545450786816
1193469366148501504
1193469321567191040
1193469191938031617
1193469052657815553
1193469008940548098
1193468977479110656
1193468791482654720
1193468780354998272
1193468746645540865
1193468678156754947
1193468661341851648
1193468583382278145
1193468575467606022
1193468402674946048
1193468374023577600
1193468338774691841
1193468331728220161
1193468287566389249
1193468249578573824
1193468161900843010
1193468121501327361
1193468121149034497
1193467970128949249
1193467935605624837
1193467810791460865
1193467669489606657
1193467428895952897
1193467369957527552
1193467351842394113
1193467254886805509
1193467231218405376
1193467104181342208
1193466857837215744
1193466465896271872
1193466449458843648
1193466309025173504
1193466099632881664
1193466097305038849
1193466043332730880
1193466037964025856
1193465999980408832
1193465758669508608
1193465583540604928
1193465429743800320
1193464993385201664
1193464939488432128
1193464930369978368
1193464873486888960
1193464804519882752
1193464796513013761
1193464703177109504
1193464674530025475
1193464544296939520
1193464444057202688
1193464429620404225
1193464375157362690
1193464359374200833
1193464233322786817
1193464226377076736
1193464199122427904
1193464122479927296
1193463998273990661
1193463948068245506
1193463862659624960
1193463807441620993
1193463750952656897
1193463740475289600
1193463584807895040
1193463425470533632
1193463404733837312
1193463381103120386
1193463368750977024
1193463339818594304
1193463238001856512
1193463158079467522
1193463099568865281
1193463074902224896
1193463009655558144
1193462989770428416
1193462896782716929
1193462781447692294
1193462710337462273
1193462706705178624
1193462701839847426
1193462555081084928
1193462553696968709
1193462545824329728
1193462506683064321
1193462490698526720
1193462479814303744
1193462478237306880
1193462453708972032
1193462407236075522
1193462381508284421
1193462377125208064
1193462373455212545
1193462366123499522
1193462361153310720
1193462325719838722
1193462255352000512
1193462233902305280
1193462229250793472
1193462215766089728
1193462215405441024
1193462210812624896
1193462175140130818
1193462142453927937
1193461958433001472
1193461941978779649
1193461899775610880
1193461874026844160
1193461854636576769
1193461232768110592
1193461059794944000
1193461043881746432
1193461016652333056
1193461000906915840
1193460995815038976
1193460977037168641
1193460894073806850
1193460871705636865
1193460834837712896
1193460712435257344
1193460703467847680
1193460657565421569
1193460624111624193
1193460570407743488
1193460188260507648
1193460075735728129
1193459917321097216
1193459887130451968
1193459844969324544
1193459844591869952
1193459830746492928
1193459743467167745
1193459737003806720
1193459598008750080
1193459292910817281
1193459273818365952
1193459249847898118
1193459208257245184
1193459162086363137
1193458723735441408
1193458486748864512
1193458451302760449
1193458362282860544
1193458245563768832
1193458244058058755
1193458200500199424
1193458170657755136
1193458087459467264
1193458034426732545
1193457946446958592
1193457762212220928
1193457671145508865
1193457614715260933
1193457558436163585
1193457544724922368
1193457534125916160
1193457427733262336
1193457412205887488
1193457295776194560
1193457201853030400
1193457165903826944
1193457132999528449
1193456963042107392
1193456879650951171
1193456823233372161
1193456821534629888
1193456789238534144
1193456728769212416
1193456713447477248
1193456636586790912
1193456519561588736
1193456438703804416
1193456273435582464
1193456214937608192
1193456205739495424
1193456048868167680
1193456041679343617
1193455994862481408
1193455988759826433
1193455988004839424
1193455984708067330
1193455968337702912
1193455874972495873
1193455844777766912
1193455837609680896
1193455698727882752
1193455622534172673
1193455513889124353
1193455471853817857
1193455372939546625
1193455252416147457
1193455226298228736
1193455164713263105
1193455139077705728
1193454967530696705
1193454696687636480
1193454668346613762
1193454637485101056
1193454554748243968
1193454527661383680
1193454468999892993
1193454349684527106
1193454240800358406
1193454192490434561
1193453930639790080
1193453857155756032
1193453806920577024
1193453661730607104
1193453659222351872
1193453597679390720
1193453588938399745
1193453552657739776
1193453537847599107
1193453198507421696
1193453146544193536
1193453143822082048
1193452974875525121
1193452954373828608
1193452910589423616
1193452817748578304
1193452810047827968
1193452701432123392
1193452676488605696
1193452287915646977
1193452133737254912
1193452125466042369
1193451985883860992
1193451968452280320
1193451894552907777
1193451835899744257
1193451758539943937
1193451745613099008
1193451739451707393
1193451620161531904
1193451598166581248
1193451511092830208
1193451476288516101
1193451474489094144
1193451381358764032
1193451336920190976
1193451204510146560
1193451174478983168
1193451115410530304
1193451103087726592
1193451090731245569
1193450946090680321
1193450506221428736
1193450491872759808
1193450465515769856
1193450425560776704
1193450410993950720
1193450409647575040
1193450356979720192
1193450307470135296
1193450279108300801
1193450229611290624
1193450193720692736
1193450115136180224
1193450114276347904
1193450054851420161
1193450034169360391
1193450026502107138
1193449987914584064
1193449957942079491
1193449524179718144
1193449239973515264
1193448873479540736
1193448814302187520
1193448679501369344
1193447982131232768
1193447743932514306
1193447633416806401
1193447618292129792
1193447461152526336
1193446753267310592
1193446713392013312
1193446508093431808
1193446507413999616
1193446281953337344
1193446271140466688
1193446122297217025
1193446063979544576
1193445980533927936
1193445960329904133
1193445892529020929
1193445812577198080
1193445739982151680
1193445725302071296
1193445647082491904
1193445437375684608
1193443842172891137
1193443684634767361
1193436237761273856
1193433999106027521
1193426919758409728
1193425945291579392
1193425423490785281
1193424905561427968
1193423389035237376
1193411141889929217
1193407941069754370
1193407289853710341
1193404881421422592
1193403841418579968
1193398311090294784
1193397660578975744
1193390211151122432
1193387952103215105
1193384117032955904
1193382607335112704
1193380636171608064
1193377975682633728
1193376681937031168
1193376260614963200
1193375685848576001
1193375130107428864
1193374705706774528
1193374246065410049
1193373681965240320
1193373038760333312
1193372370263781377
1193370005976551425
1193369771787587584
1193368676684222464
1193358980493520896
1193358831927144448
1193357958454894592
1193354920340180992
1193353296712519680
1193351476220960769
1193348795335135232
1193346864785117189
1193343388780814336
1193341688477040640
1193341046471696388
1193339285535166464
1193338908307791875
1193338643198480389
1193333439057059840
1193330121899417601
1193328137901355010
1193327993793531909
1193326034965450752
1193323625119662080
1193322338726612992
1193322260955836416
1193321989076914177
1193321649640226817
1193321459365679104
1193320950718177285
1193320185513545729
1193320141297201154
1193319804645588999
1193319536000458754
1193318903826583552
1193318863812857857
1193318827687337986
1193318793956773889
1193318746414370818
1193318704920092674
1193318611944955904
1193318241885720576
1193317999639445515